Position	Editing_Variant	Editing_Frequency	Edited_Rate
76	C>G	1	0.010166359
143	A>C	2	0.013671066
143	G>A	1	0.076923077
182	C>T	1	0.016363636
188	A>G	1	0.013462652
191	A>C	1	0.052489998
199	C>T	1	0.101287532
199	T>C	1	0.057847896
200	A>G	2	0.03530883
204	T>C	12	0.06244945
204	T>G	1	0.011412268
207	G>A	1	0.010156581
215	A>G	3	0.027234026
215	G>A	1	0.594235033
234	A>G	5	0.026050492
234	A>C	1	0.014638907
241	A>G	1	0.031849315
249	A>G	1	0.010186263
249	G>A	1	0.597206052
250	T>C	1	0.010475496
251	G>A	1	0.018541108
257	A>C	1	0.012328767
260	G>A	1	0.019736842
263	A>G	1	0.988819008
267	T>C	1	0.011443102
275	G>A	3	0.014960796
277	C>A	1	0.010883993
279	T>A	3	0.014231606
279	C>T	1	0.065907035
279	T>C	1	0.013477089
282	T>A	4	0.036212613
294	T>C	119	0.017564481
295	C>T	407	0.095687496
296	C>A	144	0.028639978
296	C>T	320	0.043351763
326	A>C	6	0.042822304
327	C>A	2	0.010832831
329	G>C	4	0.02930389
329	G>A	2	0.014950099
340	C>T	1	0.051908397
341	A>C	1	0.012334802
368	A>C	39	0.012692572
368	A>G	3	0.020174996
373	A>C	1	0.012207528
384	A>C	7	0.012368749
384	A>G	1	0.011792453
385	A>G	6	0.014537886
385	A>C	4	0.011569592
414	T>G	3	0.015638125
414	G>T	1	0.068380776
438	C>T	1	0.056140351
466	T>C	16	0.015275661
475	A>C	5	0.014495988
475	A>T	1	0.015576324
479	A>G	1	0.045698925
480	T>C	2	0.015287539
482	T>C	2	0.0149902
499	A>C	10	0.046880751
499	G>A	2	0.012457729
499	A>T	1	0.02739726
499	G>C	1	0.046880751
504	T>C	3	0.017174176
507	T>C	1	0.014326648
508	A>C	88	0.023724901
508	A>T	6	0.019769965
508	A>G	4	0.01381552
511	C>A	1	0.010385757
521	A>C	29	0.023290106
521	A>G	1	0.022058824
523	A>C	74	0.02914483
523	A>G	3	0.012416017
523	A>T	1	0.011583012
533	A>C	1	0.027472527
547	A>C	1	0.014792899
551	A>C	1	0.013944223
574	A>C	3	0.01835216
574	A>T	1	0.010771993
575	C>T	26	0.020726259
575	C>G	1	0.016304348
579	T>G	44	0.014897733
579	T>C	6	0.012508019
579	T>A	3	0.010623432
579	C>T	1	0.051163397
586	G>A	1	0.168707483
606	A>G	1	0.010141988
617	G>A	1	0.01871345
627	G>A	1	0.039370079
629	T>C	1	0.014074074
634	T>C	1	0.128876637
644	A>G	1	0.058577406
647	A>T	2	0.016951135
648	A>C	3	0.015510799
654	T>G	5	0.013440992
659	T>G	3	0.011898087
676	G>A	2	0.038279993
709	G>A	5	0.027243602
717	G>A	1	0.025866399
735	A>C	1	0.011295012
739	C>T	1	0.039581944
747	A>G	1	0.019426457
749	G>A	1	0.013901761
769	G>A	1	0.100176091
796	G>A	1	0.024561978
799	A>G	1	0.04202748
811	G>A	1	0.038377535
824	T>C	1	0.010493985
830	C>T	1	0.105137562
834	A>G	1	0.050125739
834	G>A	1	0.035839599
866	A>C	49	0.014026436
866	A>G	2	0.026478488
879	C>T	1	0.114576598
884	T>C	1	0.024032457
896	A>C	113	0.015096188
903	T>C	1	0.012985139
914	A>C	8	0.028110959
921	T>C	1	0.057565789
929	A>G	2	0.018764771
929	G>A	1	0.020752088
934	G>A	1	0.018873386
941	G>A	2	0.016978768
953	C>T	1	0.120785701
990	C>T	1	0.067686256
990	T>C	1	0.043110205
1000	C>T	1	0.232439077
1005	T>C	1	0.011650967
1016	T>C	1	0.041497976
1018	G>A	1	0.082129708
1024	G>A	1	0.138047138
1028	A>G	1	0.237551997
1030	G>A	1	0.02442672
1031	G>A	2	0.275194841
1040	T>C	1	0.017228384
1041	A>G	1	0.019105732
1062	G>A	1	0.024754154
1082	A>C	327	0.01412823
1082	A>G	1	0.010263588
1082	A>T	1	0.011010363
1095	T>C	1	0.011037528
1104	A>C	266	0.017284327
1107	T>C	126	0.012971055
1107	T>A	16	0.016008642
1119	T>C	132	0.016513624
1119	T>A	32	0.020623342
1132	T>C	434	0.024518702
1132	T>G	3	0.010938072
1169	G>A	1	0.197198037
1180	T>G	77	0.012937994
1189	T>C	1	0.011820331
1199	A>G	1	0.151359799
1201	G>A	1	0.164393282
1210	C>T	1	0.016744152
1211	G>A	1	0.019085664
1215	T>C	1	0.069142125
1222	A>C	96	0.020154724
1243	T>C	1	0.011330935
1277	A>G	2	0.046223612
1277	A>C	1	0.01199262
1281	T>C	1	0.027275257
1289	G>A	2	0.011591796
1290	C>A	236	0.013209491
1291	C>T	1	0.053248338
1301	C>G	1	0.040455418
1301	G>A	1	0.011231281
1308	C>T	1	0.186881458
1308	T>C	1	0.02020202
1309	A>C	17	0.011368939
1309	A>G	1	0.012923768
1315	G>A	2	0.032775971
1316	T>C	1	0.010805501
1323	G>A	1	0.011333611
1333	G>A	1	0.03692221
1360	G>A	1	0.108093927
1389	G>A	1	0.03540146
1393	G>A	1	0.01474305
1415	G>A	1	0.046822742
1420	T>G	75	0.012597335
1420	T>C	3	0.011038248
1422	G>A	1	0.017849554
1423	A>G	2	0.023936344
1423	A>T	1	0.02688
1435	A>G	1	0.026914329
1438	A>G	1	0.045640327
1440	G>A	1	0.013471503
1447	G>A	1	0.023501763
1489	G>A	1	0.025122121
1504	T>C	1	0.035230352
1549	G>A	2	0.027006181
1549	A>G	1	0.249004264
1552	G>A	3	0.028244951
1570	G>C	1	0.011152416
1571	C>T	1	0.076366893
1582	A>G	1	0.051727571
1587	T>G	6	0.012091238
1587	T>C	1	0.09478022
1595	G>A	1	0.013358779
1597	C>A	1	0.012578616
1598	G>A	2	0.017739878
1607	T>G	50	0.013768009
1607	T>A	5	0.011649908
1607	C>T	1	0.245812494
1607	T>C	1	0.010224949
1611	G>A	2	0.409032708
1611	G>T	1	0.010080645
1612	C>A	1	0.017214397
1612	C>T	1	0.348751705
1625	A>C	23	0.012916903
1647	C>T	1	0.17497396
1661	A>G	2	0.047015576
1661	A>C	1	0.013623978
1676	A>C	1	0.0110957
1676	G>A	1	0.146384056
1677	C>A	2	0.010288763
1681	A>G	1	0.013919375
1681	G>A	1	0.01216545
1692	A>G	1	0.050796583
1694	T>C	1	0.027961136
1709	G>A	1	0.031917885
1717	T>C	1	0.01196665
1719	G>A	1	0.019903663
1738	T>C	1	0.070174453
1743	T>A	2	0.010468399
1746	A>G	1	0.010004841
1763	A>G	1	0.019172971
1776	G>A	2	0.024955421
1776	A>G	1	0.021482005
1787	G>A	1	0.034066625
1787	G>C	1	0.012186257
1792	G>A	3	0.013403868
1811	A>G	1	0.012070411
1841	T>C	2	0.034211793
1842	A>G	1	0.035601266
1861	T>C	1	0.045401315
1876	T>C	1	0.10693502
1888	G>A	1	0.029389327
1927	G>A	1	0.023816985
1943	A>C	39	0.012744367
1958	A>G	1	0.371283079
1987	G>A	1	0.016141469
1999	A>C	68	0.0137139
1999	G>A	2	0.068393827
1999	A>G	1	0.024202683
1999	G>C	1	0.0137139
2019	G>A	1	0.051193933
2032	G>A	3	0.012925236
2075	T>C	1	0.08120155
2098	G>C	2	0.061023008
2105	G>A	2	0.022942805
2110	G>A	1	0.06044844
2163	A>C	62	0.013521304
2174	G>A	2	0.04746107
2185	G>A	1	0.026120222
2193	C>T	1	0.030436035
2220	A>G	1	0.08108548
2233	T>C	1	0.014047917
2251	G>A	1	0.104079561
2274	A>G	1	0.088266512
2300	G>A	1	0.045268308
2300	G>C	1	0.02671504
2324	T>C	1	0.052200758
2345	G>A	1	0.010024749
2351	C>T	1	0.077654302
2351	T>C	1	0.017500432
2371	T>C	1	0.049079505
2412	A>C	53	0.012754396
2416	T>C	1	0.108929779
2436	G>A	2	0.052156196
2445	T>A	19	0.018252794
2452	A>G	38	0.011198477
2473	A>C	443	0.035782212
2473	A>T	2	0.010333821
2473	A>G	1	0.010131712
2478	G>C	31	0.019655569
2478	G>A	19	0.028753806
2483	T>C	219	0.013900663
2484	C>T	22	0.01493411
2510	C>T	1	0.106300776
2551	G>A	1	0.010123395
2561	T>C	1	0.024008351
2575	C>T	1	0.024133422
2575	T>C	1	0.012947347
2608	G>A	1	0.010678871
2617	A>C	233	0.014103186
2617	A>G	443	0.114469571
2617	A>T	443	0.336236426
2623	A>G	8	0.034909491
2623	G>A	1	0.103669642
2634	T>C	1	0.022633297
2638	T>C	1	0.070954182
2648	T>G	21	0.011510056
2648	T>C	1	0.03625171
2649	T>C	1	0.02642987
2652	G>A	1	0.053306969
2680	T>C	1	0.059755908
2690	G>A	1	0.012190954
2702	G>A	6	0.030450607
2706	G>T	15	0.011277549
2706	A>G	2	0.019959464
2709	A>C	24	0.011302716
2710	C>A	185	0.015370787
2714	A>C	18	0.012873503
2729	T>C	362	0.021640311
2730	A>C	19	0.021037983
2730	A>T	3	0.010671547
2730	A>G	2	0.014331233
2734	A>G	425	0.019360326
2735	G>A	1	0.010757442
2756	C>A	10	0.011109486
2763	T>C	2	0.022654896
2778	T>C	2	0.027782222
2810	G>A	1	0.018407498
2817	G>A	1	0.023127616
2820	A>C	14	0.011251114
2838	G>A	1	0.092117796
2885	T>C	1	0.011189295
2887	C>T	1	0.044701141
2887	T>C	1	0.011989609
2890	T>C	1	0.012576534
2894	T>C	1	0.010904541
2898	T>C	2	0.019639045
2903	T>C	1	0.03005847
2916	G>A	2	0.01370713
2923	A>G	1	0.112694155
2927	T>C	1	0.061549252
2960	T>C	2	0.02028085
2978	T>C	1	0.027955272
2984	A>C	59	0.014109405
2992	G>A	1	0.01674179
3003	A>G	1	0.060193116
3010	G>A	1	0.011408266
3016	G>C	1	0.010608086
3019	G>T	65	0.013782552
3019	A>G	1	0.03995649
3019	G>A	1	0.086533958
3032	A>G	1	0.059509405
3054	G>A	1	0.012439837
3085	A>G	1	0.032785627
3108	T>C	1	0.010953033
3114	C>T	1	0.027132419
3123	A>G	1	0.096073992
3127	A>G	1	0.058737903
3143	C>T	1	0.226442779
3143	T>C	1	0.020244392
3166	T>C	1	0.031966743
3179	G>A	1	0.012341721
3203	A>C	56	0.012332229
3209	A>C	304	0.015349012
3230	G>A	2	0.020235476
3243	A>G	2	0.035711015
3244	G>A	25	0.027646464
3250	T>G	8	0.012090517
3250	C>T	1	0.047129091
3283	G>A	5	0.219224387
3308	T>C	4	0.024142551
3316	G>A	3	0.029595498
3320	A>T	7	0.011019707
3335	T>C	1	0.055641597
3352	G>A	1	0.029772329
3357	A>G	1	0.203489825
3370	C>T	1	0.014005064
3396	T>C	2	0.012634782
3426	A>G	1	0.040954305
3434	A>C	3	0.011299056
3438	G>A	3	0.036151988
3447	A>C	441	0.038161333
3447	A>G	4	0.011010372
3456	T>G	19	0.011809647
3480	A>G	15	0.016859792
3483	G>C	441	0.064600775
3492	A>C	443	0.169880886
3496	A>C	1	0.010827768
3504	T>C	1	0.051956301
3505	A>C	15	0.01190173
3505	A>G	1	0.012659002
3526	G>A	1	0.012583563
3531	G>A	1	0.014270887
3543	C>T	1	0.01280468
3552	T>C	1	0.021379428
3579	A>C	415	0.017661575
3579	A>T	1	0.010913225
3584	A>C	346	0.016658813
3591	A>G	1	0.036746648
3593	T>C	3	0.010789564
3594	C>T	1	0.124664159
3602	A>C	74	0.02030471
3606	A>G	9	0.013150586
3608	G>C	11	0.018092346
3608	G>A	2	0.090734707
3613	C>T	3	0.010449603
3615	A>T	6	0.011099574
3621	T>C	1	0.022382757
3628	A>C	438	0.022052143
3628	A>G	2	0.028357381
3639	A>G	1	0.049327636
3643	A>G	1	0.1044932
3666	G>A	2	0.112273486
3693	G>A	1	0.027954608
3714	A>G	1	0.060899284
3715	C>G	1	0.12245135
3715	G>A	1	0.025820672
3733	G>A	1	0.019023569
3749	T>C	1	0.036207034
3779	G>A	1	0.044373744
3784	T>C	2	0.097788071
3811	C>T	1	0.064470609
3828	A>C	79	0.012868789
3828	A>T	1	0.010127532
3834	G>A	1	0.01980106
3843	A>C	10	0.010992345
3861	A>G	2	0.035423082
3892	A>C	81	0.012512123
3915	G>A	1	0.010723477
3917	A>T	1	0.013074205
3936	T>C	1	0.210651977
3946	A>G	1	0.088053689
3958	A>G	1	0.18208928
3974	C>T	1	0.057017385
3974	T>C	1	0.059997348
3981	A>C	44	0.013200566
4002	C>T	1	0.415959164
4069	T>C	1	0.010796972
4080	T>C	1	0.023948398
4093	A>C	2	0.010691364
4093	A>G	1	0.027183564
4104	G>A	43	0.041766902
4104	G>T	4	0.012104378
4104	A>G	1	0.024025784
4105	A>C	14	0.013197658
4105	A>G	5	0.014535295
4105	A>T	1	0.010057471
4123	A>G	1	0.022447183
4136	A>C	333	0.016241916
4136	A>T	11	0.011786271
4136	A>G	2	0.011476473
4150	T>C	1	0.021688925
4151	A>C	1	0.010484928
4160	T>C	1	0.022712524
4161	C>A	1	0.011650485
4164	A>C	6	0.011973826
4188	A>C	23	0.012115153
4188	A>T	3	0.011498266
4191	A>C	158	0.013326198
4191	A>T	1	0.012048193
4200	A>C	1	0.010471204
4216	T>C	4	0.025184701
4219	G>A	1	0.014723926
4222	T>C	2	0.010352706
4227	A>C	75	0.013709863
4227	A>T	13	0.011978738
4227	A>G	1	0.102181163
4227	G>A	1	0.242979291
4234	A>T	1	0.01010101
4248	T>A	15	0.012271664
4248	T>C	1	0.015801354
4258	A>C	4	0.011230845
4258	A>G	1	0.016556291
4264	G>A	435	0.275785959
4267	A>G	1	0.226142675
4269	A>G	1	0.084461232
4275	G>A	1	0.024793388
4296	G>A	1	0.695620156
4317	A>C	6	0.025026684
4317	A>G	2	0.014903957
4332	A>G	1	0.127237737
4335	C>A	1	0.010917031
4353	T>C	1	0.04743083
4373	T>A	1	0.011560694
4396	T>C	1	0.014749263
4412	G>A	11	0.111120413
4418	T>C	1	0.06614786
4427	G>A	2	0.20157913
4429	A>G	1	0.157801418
4445	C>T	1	0.02025543
4448	C>T	1	0.091382313
4448	T>C	1	0.028571429
4448	T>G	1	0.014669927
4463	C>G	1	0.016853933
4482	G>A	1	0.062893082
4487	A>C	2	0.012728854
4487	A>T	1	0.01754386
4491	G>T	8	0.013303368
4496	C>T	2	0.011258273
4502	C>T	1	0.073803297
4510	T>C	1	0.010351967
4512	G>A	1	0.010752688
4515	G>A	1	0.094031447
4525	C>T	1	0.114401934
4532	G>A	3	0.018200785
4560	G>A	1	0.019093079
4561	T>G	5	0.0120055
4561	T>A	4	0.011823776
4561	T>C	2	0.011682116
4567	C>T	1	0.123880747
4573	T>C	2	0.06054752
4589	T>C	1	0.04057971
4612	T>A	1	0.011764706
4655	G>A	1	0.012772971
4659	G>A	1	0.024334101
4665	G>A	3	0.018142665
4665	A>G	1	0.161057417
4679	T>C	3	0.012619483
4679	C>T	1	0.246235523
4684	T>C	1	0.010636035
4696	T>C	1	0.013027083
4706	A>C	60	0.013429784
4706	A>T	1	0.011390603
4722	G>A	1	0.178679694
4732	A>G	1	0.031256736
4742	C>T	1	0.056073069
4752	T>C	1	0.022274326
4755	T>A	3	0.01293261
4760	A>C	3	0.01312318
4760	A>G	1	0.02465003
4762	T>C	4	0.011653317
4772	T>G	1	0.013208351
4789	G>A	1	0.032055447
4821	G>A	1	0.040061633
4823	T>C	1	0.015488019
4824	A>G	1	0.010600707
4833	A>C	102	0.012009651
4845	C>T	1	0.02097596
4856	C>T	1	0.190157891
4883	C>T	1	0.019766397
4883	T>C	1	0.055074886
4915	C>T	1	0.043870106
4917	A>G	1	0.039436022
4928	T>C	1	0.028151098
4959	G>A	1	0.030163385
4971	A>G	1	0.075806726
4974	G>A	2	0.016673014
5004	T>C	1	0.037899379
5043	A>G	2	0.03444623
5050	C>T	1	0.41440902
5054	A>G	1	0.063966885
5057	C>T	1	0.058964578
5063	T>C	1	0.014733661
5074	T>C	1	0.02580389
5076	T>C	1	0.118731137
5108	C>T	1	0.063934545
5147	G>A	1	0.036507518
5153	A>G	1	0.057105544
5160	T>C	1	0.078064871
5164	G>A	1	0.017606444
5177	G>A	1	0.014699265
5179	T>C	1	0.011989554
5201	T>C	70	0.023577284
5239	T>C	1	0.01011537
5247	T>C	1	0.016112031
5250	C>T	1	0.544234153
5277	T>A	1	0.010962042
5293	G>A	2	0.064663865
5301	A>C	2	0.03908314
5302	T>C	1	0.069684521
5316	G>A	2	0.015875967
5417	G>A	1	0.029295329
5424	C>T	1	0.041094098
5432	A>C	73	0.01444763
5436	A>C	440	0.029593572
5436	A>T	4	0.010302781
5436	A>G	3	0.010667375
5441	A>C	5	0.030074829
5442	T>C	1	0.308921825
5460	A>C	31	0.030524908
5460	G>A	2	0.014767262
5460	A>T	1	0.010950643
5466	A>C	57	0.01344162
5466	A>T	2	0.010946701
5471	A>C	1	0.019905213
5480	A>C	170	0.013080661
5480	A>T	6	0.010408264
5480	A>G	2	0.010778307
5483	T>C	4	0.011248502
5487	T>C	353	0.015575981
5487	T>A	4	0.011570755
5492	T>A	103	0.01654075
5492	T>C	1	0.013404826
5494	T>A	17	0.012461817
5494	T>C	1	0.01183432
5496	A>C	15	0.013292006
5498	A>C	1	0.011111111
5499	C>A	1	0.012605042
5501	A>C	1	0.012468828
5503	T>A	11	0.013640742
5510	A>C	1	0.011127596
5511	T>A	107	0.01513503
5538	G>A	3	0.037711814
5540	G>A	2	0.194146341
5540	G>C	2	0.147347148
5580	T>C	1	0.028248588
5585	G>A	3	0.035763963
5587	T>A	2	0.030817888
5592	A>G	1	0.12195122
5603	C>G	2	0.015544763
5603	C>A	1	0.016493056
5605	A>C	36	0.016794053
5621	A>G	1	0.022067877
5628	T>C	11	0.029171135
5650	G>A	1	0.021984216
5673	T>G	6	0.010935222
5794	T>C	1	0.023691016
5806	T>C	1	0.012446519
5843	A>C	7	0.011292929
5843	A>G	1	0.011707317
5848	C>T	1	0.047522876
5852	C>T	1	0.102057825
5865	C>T	1	0.011011728
5954	A>C	1	0.01009772
5970	A>G	2	0.034797776
5970	G>A	2	0.011888256
5981	T>G	10	0.011419473
5984	A>G	1	0.012736808
5986	T>C	11	0.015558069
5990	A>G	1	0.01087898
5999	T>C	3	0.017945853
6001	T>C	1	0.016207723
6011	T>C	1	0.019663164
6014	T>C	29	0.016194287
6014	T>G	4	0.010264119
6029	C>T	1	0.132394902
6037	G>A	2	0.032657942
6044	T>C	1	0.038163849
6047	A>G	1	0.010852627
6091	T>C	1	0.044445
6116	A>C	17	0.011786702
6185	C>T	1	0.173632904
6216	T>C	1	0.026769461
6218	A>C	267	0.014190033
6218	A>T	14	0.010707659
6228	T>C	1	0.11303463
6233	A>C	109	0.01234888
6233	A>T	1	0.010002632
6259	A>G	1	0.011039191
6260	G>A	4	0.042455472
6261	G>A	1	0.01492465
6266	A>G	9	0.011243043
6285	A>G	1	0.020632231
6285	G>A	1	0.01865874
6286	T>G	4	0.011088
6286	T>C	1	0.014447341
6293	T>C	1	0.010090499
6339	A>G	1	0.010151656
6351	T>C	1	0.030799022
6365	T>G	28	0.011544029
6366	G>C	1	0.010888502
6384	G>C	20	0.034211562
6384	G>A	1	0.189468303
6407	T>A	18	0.0187844
6410	C>A	190	0.025042208
6413	T>A	183	0.017352523
6413	T>C	1	0.02405983
6419	A>C	442	0.195108268
6419	G>C	1	0.195108268
6465	G>A	1	0.011510765
6466	T>C	2	0.024081904
6466	C>T	1	0.018062149
6481	T>C	1	0.067516759
6505	T>C	1	0.022074699
6510	G>A	1	0.017637721
6516	G>A	1	0.022192465
6524	T>C	1	0.010382898
6626	T>C	1	0.013828005
6638	T>C	1	0.037224558
6647	A>C	8	0.010627896
6658	A>G	1	0.101278772
6658	G>A	1	0.107362009
6664	T>C	1	0.06669542
6666	T>C	1	0.015932462
6674	T>C	1	0.015017445
6776	T>C	1	0.016643822
6782	T>C	1	0.024402227
6806	A>C	1	0.011774892
6842	T>C	1	0.019247384
6902	A>G	1	0.010611561
6905	A>G	1	0.018924509
6911	T>C	1	0.01415728
6932	A>G	1	0.04172863
6937	T>C	2	0.044981925
6938	T>G	1	0.011855476
6972	G>A	2	0.017663011
7024	T>C	1	0.026177852
7028	C>T	2	0.023623201
7076	A>G	2	0.025978401
7110	C>T	1	0.159813897
7119	A>G	1	0.111864809
7154	A>G	1	0.033924801
7156	T>C	1	0.010984067
7158	A>G	1	0.010360458
7175	T>C	2	0.052268093
7193	T>C	9	0.012013094
7193	T>G	1	0.011428571
7211	A>C	1	0.057576183
7211	A>T	1	0.013902542
7236	G>A	2	0.048894285
7242	T>C	1	0.010114052
7245	A>C	24	0.011312981
7256	C>T	1	0.040086973
7256	T>A	1	0.010092146
7257	A>C	1	0.010655932
7258	T>C	1	0.012727828
7274	C>T	1	0.046458902
7293	G>A	1	0.012378072
7325	A>G	1	0.012177612
7329	C>T	1	0.096493185
7329	T>C	1	0.011239391
7337	G>A	1	0.011420233
7356	A>G	1	0.054722236
7368	T>C	4	0.055604324
7375	A>C	14	0.011971616
7381	A>G	1	0.021657619
7385	A>G	1	0.056656676
7397	C>T	2	0.034344326
7403	A>C	440	0.028861678
7403	A>G	29	0.011443641
7403	A>T	9	0.010973111
7419	G>A	1	0.015286877
7424	A>C	38	0.012692849
7440	T>C	2	0.021621487
7444	G>A	1	0.020265291
7445	A>G	1	0.010646388
7490	A>C	9	0.0122344
7492	C>A	1	0.011795544
7498	G>C	35	0.018083672
7501	T>C	301	0.021003677
7516	A>C	13	0.014359229
7524	T>A	1	0.018382353
7575	T>G	1	0.010570825
7598	G>A	2	0.01945821
7600	G>T	40	0.012524923
7605	T>A	1	0.010209565
7609	T>C	3	0.047677756
7609	C>T	2	0.035691646
7621	T>G	1	0.010035447
7640	A>G	1	0.052866918
7660	T>C	1	0.030000838
7678	T>C	1	0.01375357
7702	G>A	1	0.02754395
7722	T>C	1	0.020992741
7746	A>G	1	0.026912953
7754	G>A	1	0.049725645
7759	T>C	1	0.029660592
7762	G>A	2	0.049971775
7763	G>A	8	0.011449359
7766	A>G	1	0.025696394
7771	A>G	1	0.0866658
7775	G>C	1	0.023995812
7789	A>C	2	0.03980274
7789	G>A	1	0.023511954
7792	C>T	1	0.021358208
7795	C>T	1	0.068941708
7804	G>A	1	0.015825914
7818	T>C	1	0.012876551
7854	T>C	2	0.01747108
7854	T>G	2	0.01010725
7859	G>A	1	0.013056449
7864	C>T	1	0.041492352
7869	C>T	1	0.081504299
7887	A>G	1	0.056520973
7888	C>T	1	0.018513077
7925	A>G	2	0.079177884
7925	G>A	1	0.025476316
7927	C>T	1	0.020267086
7942	C>A	11	0.027551907
7961	T>C	6	0.010999068
7972	A>C	6	0.010797345
7986	A>G	1	0.088987125
7986	G>A	1	0.027848817
7991	T>C	1	0.037662222
8010	T>C	1	0.032363945
8060	A>G	1	0.597373907
8093	T>C	1	0.02585757
8104	T>C	1	0.01021521
8109	T>C	1	0.012268734
8119	T>C	1	0.03014012
8141	G>A	1	0.016324092
8143	T>C	1	0.031500028
8149	A>G	1	0.014920312
8152	A>G	1	0.121074247
8152	G>A	1	0.030499955
8154	G>A	1	0.085236391
8155	G>A	1	0.033943875
8157	T>G	232	0.014116302
8157	T>A	72	0.012111773
8157	T>C	11	0.010984602
8167	T>C	1	0.022260618
8206	A>C	1	0.015378278
8206	G>A	1	0.098310811
8251	A>C	2	0.01647906
8251	G>A	1	0.011644487
8257	A>G	1	0.028048264
8291	A>G	1	0.010494753
8292	G>A	1	0.017642342
8300	T>A	4	0.026474006
8322	T>C	1	0.206888529
8371	C>T	10	0.013996697
8371	C>A	2	0.011445626
8384	A>G	1	0.010214505
8400	T>C	1	0.01347733
8470	A>C	39	0.012424155
8470	A>G	1	0.043655965
8479	A>C	1	0.010451001
8485	G>A	2	0.025874694
8512	A>C	83	0.016035237
8512	A>G	1	0.303553801
8516	T>C	1	0.010410148
8517	A>G	1	0.025597751
8537	A>T	18	0.019481661
8541	G>T	19	0.017869343
8541	G>C	1	0.013194142
8543	T>C	24	0.013592254
8545	G>C	52	0.014573126
8545	G>T	20	0.020781555
8554	A>T	19	0.021476312
8557	G>C	356	0.02559432
8557	A>C	3	0.02559432
8563	A>C	246	0.013441962
8563	G>A	1	0.130454168
8563	G>C	1	0.013441962
8566	A>C	18	0.024329014
8566	A>T	9	0.011985926
8567	T>C	436	0.023666719
8573	G>C	162	0.021693573
8573	A>C	1	0.021693573
8576	T>C	20	0.020523933
8577	A>C	443	0.062401789
8597	T>C	1	0.011964313
8612	T>C	1	0.013206936
8618	T>C	1	0.01217278
8619	C>T	1	0.036546543
8623	A>C	146	0.013399228
8632	C>T	1	0.192412257
8639	T>C	2	0.028320909
8659	A>C	129	0.0147151
8668	T>C	1	0.091001439
8697	G>A	1	0.040667362
8705	T>C	2	0.075175832
8732	T>C	1	0.146229601
8743	G>A	1	0.016783217
8744	T>C	1	0.011329152
8745	A>G	1	0.047925063
8764	G>A	2	0.028116736
8772	T>C	1	0.027252252
8774	A>C	436	0.019680271
8782	G>A	1	0.011554969
8783	G>A	1	0.012301645
8800	G>T	1	0.083708001
8804	C>T	1	0.017950357
8805	A>C	53	0.013650006
8812	A>C	439	0.023232022
8812	A>G	1	0.010967742
8812	A>T	1	0.011600136
8838	A>G	1	0.019607135
8838	G>A	1	0.050486458
8854	G>A	22	0.012304141
8856	G>A	39	0.011346674
8865	A>G	3	0.061372503
8865	G>T	3	0.010992131
8867	T>C	1	0.093180398
8881	C>T	1	0.144425457
8881	T>C	1	0.015997728
8886	G>A	1	0.034935897
8906	A>G	1	0.061244111
8925	A>G	1	0.016342779
8943	C>T	1	0.018998417
8958	C>A	1	0.015785262
8987	T>C	1	0.567464217
8994	G>A	2	0.021090179
9025	G>A	1	0.019410918
9041	A>C	12	0.012053191
9055	G>A	3	0.023541256
9058	A>C	35	0.012621097
9090	C>T	1	0.022826534
9093	A>C	7	0.01067495
9100	A>C	1	0.010684959
9110	T>C	1	0.041337093
9126	T>C	1	0.039831868
9127	A>C	1	0.01978822
9145	A>G	1	0.071952801
9151	A>G	1	0.066430165
9160	T>C	1	0.0435768
9174	T>C	1	0.061595422
9180	A>G	1	0.044098904
9187	C>T	1	0.088934786
9210	A>C	18	0.012084741
9237	A>G	1	0.089127591
9242	A>G	1	0.016286834
9247	A>G	1	0.056225753
9247	G>A	1	0.034717655
9266	G>A	2	0.021138003
9267	G>A	1	0.01280063
9288	A>C	7	0.011157261
9305	G>A	1	0.03426973
9309	C>T	1	0.102426825
9319	A>C	13	0.010786041
9329	G>C	1	0.014392816
9343	G>A	1	0.012278758
9377	A>G	1	0.022724848
9381	T>C	1	0.041991305
9405	T>G	1	0.025776641
9425	A>C	322	0.01442824
9445	G>A	1	0.082784207
9450	G>A	2	0.050538878
9450	A>G	1	0.058194229
9468	A>G	1	0.161278445
9495	T>C	1	0.013630903
9497	T>C	1	0.029618288
9516	T>C	105	0.01548053
9530	T>C	1	0.256080074
9545	A>G	1	0.022552537
9547	G>A	1	0.015293263
9548	G>A	2	0.079117118
9554	G>A	1	0.015832306
9591	G>A	1	0.015509955
9596	A>C	3	0.010564103
9612	G>A	1	0.018098882
9615	T>C	2	0.03125275
9645	A>G	1	0.189094274
9645	G>A	1	0.017908044
9647	T>C	1	0.013746306
9652	C>A	1	0.013975063
9707	T>C	1	0.012051883
9711	T>C	1	0.068217012
9716	T>C	3	0.038411204
9762	T>C	1	0.011644092
9764	C>T	1	0.038275627
9773	C>T	1	0.038152031
9777	G>A	1	0.016389774
9787	G>A	1	0.017761989
9837	A>G	1	0.029080414
9845	T>C	2	0.027303625
9861	T>C	1	0.027759444
9885	T>G	1	0.039967577
9909	T>C	1	0.062020869
9912	G>A	1	0.014803443
9915	G>A	2	0.032338479
9918	G>A	1	0.011099714
9921	G>A	1	0.020972887
9932	G>A	1	0.01059929
9942	G>A	1	0.015391479
9947	G>A	2	0.018486642
9950	T>G	1	0.051703475
9965	T>C	1	0.346841252
9984	G>A	1	0.447461368
9985	G>A	1	0.014893617
10003	T>C	1	0.037254902
10006	G>A	1	0.049238042
10013	C>A	1	0.068965517
10018	A>C	1	0.010504202
10044	A>G	1	0.010752688
10071	T>C	1	0.022727273
10097	A>G	1	0.013555992
10101	T>C	1	0.018499661
10115	T>C	1	0.114654081
10125	T>C	1	0.051538926
10126	G>A	1	0.042801337
10136	A>G	1	0.44127466
10166	T>C	1	0.015430072
10174	A>G	1	0.1269181
10174	G>A	1	0.015582471
10208	T>C	5	0.014782347
10221	C>T	1	0.111405188
10232	A>G	1	0.023878247
10237	T>C	1	0.029658478
10238	T>C	1	0.017772942
10245	T>C	2	0.013117852
10265	T>C	1	0.010139276
10266	G>C	384	0.022901259
10277	A>C	443	0.198892011
10277	A>T	50	0.011071363
10277	A>G	2	0.01056975
10283	A>C	441	0.093036264
10283	A>G	1	0.01028176
10283	A>T	1	0.01056338
10289	A>G	107	0.011789417
10289	A>C	49	0.019811968
10290	G>C	431	0.032182628
10290	A>C	1	0.032182628
10290	A>G	1	0.070095987
10290	G>A	1	0.046961855
10295	A>C	167	0.013043386
10302	A>C	442	0.034701687
10302	A>T	14	0.011157498
10304	T>A	442	0.047640959
10304	T>C	180	0.019863782
10304	T>G	3	0.010609462
10318	T>C	1	0.0148382
10321	T>C	1	0.052562418
10326	T>C	2	0.016384349
10345	T>C	1	0.26358781
10365	G>A	1	0.015039102
10371	G>A	1	0.331486611
10373	G>A	2	0.072044064
10376	A>G	1	0.015873016
10376	A>T	1	0.011046134
10398	A>G	1	0.246543806
10401	G>A	1	0.012808783
10427	G>A	1	0.016166282
10446	A>T	1	0.011547344
10463	T>C	2	0.030194748
10469	A>C	72	0.020857192
10469	A>T	2	0.015402245
10469	A>G	1	0.017291066
10472	C>G	1	0.246937219
10493	T>G	3	0.012433007
10493	T>C	1	0.030827304
10495	T>C	1	0.058951965
10499	A>T	36	0.012382678
10499	A>G	1	0.016040609
10527	C>G	8	0.016040434
10533	C>T	2	0.037991207
10533	T>C	1	0.018361582
10557	T>C	1	0.243602044
10579	T>C	1	0.014611965
10586	G>A	2	0.020710628
10591	C>T	1	0.15625381
10599	G>A	1	0.012357414
10646	G>A	1	0.077826949
10653	G>A	2	0.031731203
10677	G>A	1	0.010454156
10680	G>A	1	0.033746006
10688	G>A	2	0.024738808
10793	C>T	1	0.257829132
10813	C>A	293	0.016331656
10854	T>C	1	0.012648334
10882	T>C	1	0.02755624
10893	C>T	1	0.259264157
10907	T>C	1	0.016009852
10922	A>C	6	0.010513877
10927	T>C	1	0.015733457
10931	T>C	6	0.010768502
10934	G>C	1	0.017158237
10953	T>C	213	0.012325224
10959	T>C	1	0.082746363
10967	A>C	174	0.014448402
10967	A>G	1	0.010450501
10978	A>C	437	0.018031196
10978	A>G	1	0.012371134
11002	A>G	1	0.010519634
11004	G>A	1	0.254709652
11017	T>C	1	0.054452152
11038	A>G	1	0.028552563
11057	G>A	1	0.104204951
11087	T>C	2	0.025609509
11143	C>T	1	0.021767307
11144	A>C	418	0.016274344
11150	G>A	1	0.016585814
11150	G>C	1	0.035726238
11176	G>A	2	0.015371822
11184	G>A	1	0.071126354
11204	T>C	1	0.083850932
11216	A>C	108	0.012642846
11216	A>G	1	0.292033333
11232	T>C	1	0.016073156
11251	A>G	1	0.030253071
11255	C>T	1	0.017318594
11274	G>A	1	0.012350558
11286	T>C	1	0.053326409
11293	A>C	16	0.011202527
11299	T>C	2	0.02587546
11330	G>A	1	0.027816641
11332	C>T	1	0.010167172
11335	C>T	1	0.045517083
11339	T>C	2	0.022411204
11363	A>G	1	0.025759223
11363	G>A	1	0.024444444
11380	A>C	38	0.012126744
11380	A>T	6	0.011265701
11432	A>G	2	0.014798399
11456	G>A	1	0.016169154
11465	C>T	1	0.095913088
11467	A>G	1	0.01259112
11485	T>G	4	0.011328068
11490	T>C	1	0.010954097
11491	A>G	2	0.032619917
11518	G>A	1	0.017019451
11534	C>T	1	0.022876828
11535	A>C	33	0.011871199
11562	A>G	1	0.01042544
11569	T>C	1	0.024771838
11579	C>T	1	0.030727384
11604	C>T	1	0.046456684
11634	A>G	1	0.039652498
11642	G>A	2	0.078395326
11659	C>T	1	0.030147491
11682	G>A	1	0.062357799
11687	A>C	2	0.010239156
11706	T>C	1	0.014866519
11711	G>A	8	0.030737168
11717	A>G	1	0.07615792
11719	G>A	2	0.051840855
11762	G>A	1	0.015382964
11776	T>C	1	0.034305175
11784	T>C	1	0.015207425
11787	T>A	1	0.010119899
11797	G>A	1	0.061480962
11809	T>C	1	0.010060081
11812	A>C	206	0.014053162
11812	A>T	7	0.010288228
11812	A>G	2	0.024919637
11827	T>C	1	0.033989126
11841	T>C	1	0.018089904
11843	G>A	2	0.014818693
11887	G>A	2	0.015413143
11900	A>G	1	0.115764906
11900	G>A	1	0.011576164
11907	T>C	1	0.082237108
11914	G>A	2	0.052665767
11933	A>C	129	0.01312427
11933	A>T	1	0.010631967
11940	T>C	2	0.020215167
11944	T>C	1	0.088646967
11955	G>A	1	0.124492671
11969	G>A	1	0.014477261
11982	T>C	1	0.014310593
12007	G>A	1	0.013388819
12015	C>T	1	0.015116988
12017	A>C	400	0.017074965
12027	C>T	1	0.061600551
12040	A>C	6	0.010660408
12061	C>T	1	0.02708499
12076	A>C	1	0.010275732
12117	T>C	2	0.027208853
12117	C>T	1	0.047271589
12125	A>G	1	0.100114518
12134	T>C	3	0.011222314
12136	T>A	94	0.014844481
12150	C>T	1	0.06293348
12164	G>A	1	0.022875817
12172	A>G	2	0.029137529
12192	G>A	1	0.046206366
12193	A>G	52	0.012343745
12193	A>C	17	0.013075838
12193	A>T	1	0.011090573
12242	A>G	41	0.012702749
12285	T>C	1	0.026272578
12295	C>T	1	0.046239312
12295	T>G	1	0.011013216
12303	C>G	1	0.010903427
12308	A>G	1	0.010033445
12311	T>A	1	0.010362694
12318	A>G	1	0.018555014
12340	A>C	2	0.011824388
12342	C>G	1	0.011004127
12383	T>G	5	0.011721762
12383	T>C	1	0.13988604
12392	C>T	1	0.054585298
12400	A>C	19	0.010994955
12408	T>C	1	0.021793797
12410	A>G	1	0.010452962
12414	C>A	10	0.035245796
12457	G>A	1	0.019494905
12502	C>T	1	0.034907457
12508	G>A	2	0.09255372
12517	G>A	1	0.022965766
12519	T>C	1	0.017904938
12520	G>A	1	0.020671269
12541	G>A	3	0.021860687
12563	T>C	2	0.054260084
12572	A>G	1	0.290263892
12630	G>A	1	0.053741215
12635	T>C	1	0.015067805
12642	A>G	1	0.010305153
12667	A>G	1	0.023795208
12667	G>A	1	0.047644025
12687	C>T	1	0.012636539
12699	A>G	1	0.029366088
12715	A>C	2	0.010592837
12736	G>A	2	0.048559825
12760	A>G	1	0.012916939
12771	G>A	1	0.052505967
12774	C>G	1	0.019184181
12774	T>G	1	0.019184181
12775	G>A	2	0.041489101
12780	A>G	1	0.010378952
12812	A>C	66	0.015081869
12812	G>A	1	0.194957181
12814	G>C	6	0.010927172
12814	G>A	2	0.081848058
12835	G>A	2	0.022925213
12868	G>A	1	0.030152747
12877	A>G	1	0.03099568
12877	G>A	1	0.061327679
12910	T>C	1	0.123798784
12940	A>C	1	0.020142797
12940	G>C	1	0.020142797
12957	T>C	1	0.019656575
12967	A>C	359	0.016133357
12967	A>G	1	0.010518732
12972	A>C	18	0.011585346
12991	G>A	1	0.012123096
13006	T>C	1	0.015482696
13016	T>G	1	0.015046573
13032	A>C	71	0.01385963
13034	T>C	40	0.01315113
13034	C>T	1	0.104903664
13063	G>A	1	0.01668682
13104	A>G	1	0.047461495
13105	G>A	1	0.019172218
13111	T>C	1	0.010288749
13113	A>T	1	0.023699235
13124	C>T	1	0.028181149
13125	C>T	1	0.011950395
13135	G>A	1	0.120678285
13145	G>A	1	0.020116936
13154	C>T	1	0.110807623
13165	A>G	1	0.018838293
13191	T>C	1	0.059359507
13194	G>A	1	0.012853036
13201	G>A	2	0.017113537
13208	G>C	1	0.027430744
13239	C>G	1	0.011364832
13243	G>A	1	0.011061947
13263	G>A	1	0.104753325
13269	A>G	1	0.044672429
13288	A>G	1	0.097648682
13302	A>C	14	0.011780516
13308	A>G	1	0.032992565
13326	T>C	1	0.03898051
13333	A>G	1	0.144723265
13368	G>A	1	0.029120803
13369	C>T	2	0.02374363
13369	T>C	1	0.074373402
13370	C>T	1	0.017898993
13392	T>C	1	0.01659751
13392	T>G	1	0.038839725
13401	T>C	1	0.031582261
13406	A>G	1	0.056229677
13434	A>C	144	0.013200946
13434	A>T	2	0.010589085
13443	T>C	1	0.01182932
13462	G>A	2	0.022778435
13466	A>G	1	0.085776036
13477	G>A	1	0.294903068
13485	A>C	20	0.011408859
13500	C>T	1	0.267481477
13516	C>T	1	0.050955692
13552	G>A	1	0.018934685
13552	G>C	1	0.010796663
13556	G>A	1	0.012472312
13558	A>G	1	0.361850206
13575	C>T	1	0.024430956
13577	T>C	1	0.0267014
13581	T>C	1	0.07145799
13585	T>C	21	0.011336725
13590	G>A	2	0.058940329
13602	T>C	1	0.046385437
13617	T>C	2	0.045591411
13624	A>C	224	0.014847426
13635	T>C	1	0.018711656
13638	A>C	1	0.010761824
13651	A>C	316	0.015624552
13674	T>C	1	0.054033414
13676	A>C	72	0.013619039
13676	A>G	3	0.01713091
13681	A>C	439	0.020807087
13681	A>G	4	0.011151629
13710	A>G	281	0.022787901
13710	A>T	267	0.023940487
13718	G>A	1	0.020181859
13722	G>A	1	0.217546417
13731	G>A	1	0.050846896
13732	T>C	1	0.097997624
13759	G>A	3	0.039731755
13773	A>C	1	0.026831632
13779	A>C	1	0.010223642
13780	A>C	1	0.013720279
13781	T>C	4	0.012992248
13781	C>A	1	0.012853852
13790	A>C	19	0.011700996
13803	A>G	1	0.088055281
13810	G>A	1	0.055274688
13810	G>C	1	0.029552716
13818	T>C	1	0.032681766
13830	C>T	1	0.051394822
13850	G>A	1	0.091719752
13866	A>G	1	0.010281924
13884	A>C	6	0.010506252
13884	A>G	1	0.013375295
13899	T>C	1	0.014432207
13903	C>T	1	0.101519
13911	A>C	125	0.014502362
13915	G>A	2	0.055585517
13918	T>C	1	0.045088358
13931	T>C	20	0.021655792
13933	A>C	71	0.017217151
13935	A>C	166	0.016691988
13942	A>C	51	0.013484753
13943	C>A	15	0.015331857
13946	T>C	324	0.020321915
13946	C>T	1	0.04615647
13953	T>C	15	0.012691853
13957	G>A	1	0.011221802
13965	T>A	3	0.011411349
13966	A>C	71	0.016159913
13966	A>G	3	0.010870532
13967	C>G	17	0.019203226
13970	G>A	3	0.021421681
14007	A>G	1	0.076390155
14025	T>C	74	0.011823868
14053	A>C	337	0.015044391
14071	A>G	1	0.011165221
14071	G>A	1	0.256589149
14088	T>C	1	0.018747337
14089	T>A	1	0.075339247
14099	C>T	1	0.049575004
14120	T>C	1	0.024061928
14123	T>C	1	0.051126775
14133	A>C	13	0.011176505
14160	G>A	1	0.025594837
14165	G>A	1	0.04760482
14178	T>C	1	0.038408445
14180	C>T	1	0.043864034
14185	A>C	6	0.011352254
14199	C>T	1	0.078240286
14200	T>C	1	0.01563981
14215	T>C	1	0.023464458
14233	A>G	1	0.024895906
14243	G>A	2	0.020477948
14258	G>A	1	0.016187177
14259	G>A	1	0.163040018
14305	G>A	1	0.017682795
14375	A>C	260	0.014730736
14375	A>T	15	0.010996828
14388	G>A	1	0.123950526
14393	A>C	8	0.010744238
14417	A>C	14	0.010800738
14424	A>C	23	0.011379529
14458	C>T	1	0.129751806
14501	A>T	1	0.011238532
14502	T>C	1	0.021377256
14518	A>C	1	0.010907594
14527	A>C	35	0.012466422
14547	C>T	1	0.020685112
14547	T>C	1	0.015438279
14553	C>T	1	0.011154109
14553	T>C	1	0.049324584
14569	A>G	1	0.027973439
14569	G>A	1	0.015645825
14641	A>C	1	0.010872191
14641	A>G	1	0.038930582
14641	G>A	1	0.127008202
14666	T>C	1	0.010407632
14683	A>C	1	0.010077519
14696	A>C	66	0.012249557
14696	A>G	4	0.025287382
14710	G>A	1	0.032757287
14721	G>A	2	0.078737225
14743	A>C	90	0.012480427
14744	C>A	6	0.014235458
14749	G>A	2	0.026500801
14755	A>G	9	0.010681976
14766	C>T	1	0.038305543
14766	T>A	1	0.011911736
14767	T>G	1	0.012044162
14769	A>G	1	0.024894317
14770	C>A	1	0.011141553
14770	C>G	1	0.010092515
14778	T>C	1	0.010014916
14790	A>G	6	0.012299701
14793	A>C	1	0.010233087
14798	T>C	1	0.011064479
14804	A>G	1	0.03946098
14826	T>C	1	0.011206831
14831	G>A	4	0.024953704
14841	G>A	1	0.337719204
14843	T>C	1	0.011472275
14845	C>A	1	0.07300352
14851	A>C	74	0.012059119
14851	C>A	1	0.078460841
14853	C>T	1	0.169937172
14861	G>C	1	0.012984293
14865	G>A	1	0.02006738
14869	G>A	1	0.01897165
14870	A>G	1	0.121436305
14884	C>T	1	0.017454091
14890	A>C	1	0.011917884
14890	A>G	1	0.010725148
14905	G>A	3	0.040613365
14912	T>C	1	0.01005557
14921	G>A	3	0.01387484
14927	A>C	27	0.012497463
14945	G>A	2	0.032916297
14956	T>C	13	0.01122094
14978	A>G	1	0.064038939
14985	G>A	3	0.03812108
14985	G>C	1	0.016414477
14996	G>C	1	0.013251392
15001	T>A	1	0.015457788
15012	T>C	2	0.019249984
15019	T>C	1	0.026214913
15047	G>A	4	0.033245028
15059	G>A	1	0.010210208
15062	T>C	2	0.01354019
15062	C>T	1	0.1048622
15071	C>T	1	0.121765956
15071	T>C	1	0.011114606
15087	A>T	1	0.01007672
15090	T>C	91	0.012934573
15092	G>A	2	0.030205017
15132	T>C	2	0.044633932
15141	T>C	1	0.017663908
15149	T>C	1	0.027457769
15152	A>G	1	0.084659984
15152	G>A	1	0.035729603
15153	G>A	2	0.022880539
15170	G>A	1	0.019582245
15217	A>G	1	0.105050857
15217	G>A	1	0.044781261
15226	A>G	1	0.017209206
15227	G>A	1	0.093856597
15240	G>A	1	0.048411642
15244	A>G	2	0.018174613
15249	A>G	1	0.018530977
15261	G>A	1	0.023235423
15264	T>C	1	0.083999271
15287	C>T	1	0.451770746
15287	T>C	1	0.047369586
15293	C>T	1	0.038964647
15301	A>C	17	0.013470545
15301	G>A	1	0.017325628
15306	T>C	3	0.019741129
15314	G>A	1	0.033861421
15326	A>G	1	0.016489435
15328	A>C	4	0.011536195
15330	C>T	1	0.181011174
15366	A>C	22	0.011592214
15366	A>G	2	0.013339796
15375	G>A	1	0.018492127
15380	A>C	420	0.01920414
15380	A>T	2	0.011729456
15383	T>C	1	0.015331355
15394	T>C	1	0.021845986
15423	C>T	1	0.034612334
15431	A>C	3	0.012497989
15442	G>T	1	0.013255306
15452	C>A	1	0.043428716
15458	T>C	1	0.016918272
15475	A>C	15	0.010915386
15479	T>C	1	0.017534657
15480	T>A	1	0.014212536
15495	T>C	1	0.0106802
15500	G>A	1	0.023185144
15515	A>C	364	0.015155139
15515	A>T	2	0.01026527
15525	A>C	24	0.012385343
15525	A>G	1	0.012119449
15526	C>T	1	0.03291785
15541	T>C	24	0.011510129
15575	G>A	1	0.019550217
15596	G>C	1	0.03007874
15607	A>G	1	0.041855057
15629	T>C	1	0.020970043
15648	C>T	1	0.127894153
15648	T>C	1	0.015165403
15654	T>C	1	0.040887175
15663	T>C	2	0.016630621
15663	C>T	1	0.046972244
15674	T>C	1	0.016628023
15697	T>C	1	0.021650589
15703	A>C	5	0.010598746
15715	A>C	87	0.013066276
15721	T>C	1	0.014793219
15724	A>C	33	0.011414865
15726	T>C	1	0.048734518
15731	G>A	1	0.018590455
15737	A>G	1	0.045414177
15752	A>G	1	0.233722126
15763	G>A	1	0.047615431
15769	A>G	1	0.024381234
15773	G>A	2	0.013120402
15776	G>A	1	0.282574235
15784	T>C	2	0.06369783
15788	A>C	29	0.012811468
15803	G>A	1	0.052865573
15813	C>T	1	0.052843638
15828	T>C	1	0.024832704
15843	C>T	1	0.022529241
15844	A>C	15	0.011274405
15844	A>T	1	0.01099868
15845	T>C	1	0.012386188
15849	C>T	1	0.01511335
15852	T>C	1	0.044417476
15874	A>C	9	0.011685368
15883	G>C	1	0.010191083
15889	T>C	1	0.017593913
15892	T>C	1	0.014423077
15896	A>T	3	0.014882503
15896	A>G	1	0.014925373
15900	T>C	1	0.012544803
15909	A>C	1	0.010510511
15909	A>G	1	0.019400353
15916	T>C	2	0.034715793
15924	A>G	5	0.02207442
15932	T>C	1	0.896726719
15937	A>C	7	0.021063336
15937	A>G	1	0.017191977
15938	C>A	15	0.058074676
15945	C>T	2	0.147122276
15961	G>A	2	0.309079107
15968	T>C	1	0.051753566
15968	T>G	1	0.01
15972	T>G	8	0.011717103
15972	T>C	2	0.011749876
15986	G>A	1	0.01980198
16035	G>A	2	0.023090432
16038	A>G	1	0.237157945
16042	G>A	1	0.056763285
16047	G>A	1	0.071134946
16048	G>A	1	0.037183099
16065	G>A	2	0.055397496
16065	A>G	1	0.067185983
16076	C>T	1	0.015549077
16086	T>C	3	0.07032342
16126	T>C	1	0.020302548
16131	T>G	2	0.010249444
16131	C>T	1	0.069634732
16145	G>A	1	0.023305085
16146	A>C	1	0.01029601
16152	T>C	2	0.011182147
16153	G>A	1	0.012074643
16156	G>A	1	0.011323004
16157	T>G	5	0.01103416
16158	A>G	1	0.025378451
16167	C>A	5	0.013238835
16167	C>T	1	0.025406504
16169	C>A	48	0.02270089
16169	C>T	1	0.030258303
16170	A>C	36	0.020356121
16170	A>G	1	0.136848009
16171	A>C	11	0.041657366
16171	A>T	1	0.011583012
16175	A>C	73	0.106679868
16177	A>C	62	0.028163539
16177	A>T	7	0.01328092
16177	G>A	1	0.035693417
16201	C>A	62	0.028450519
16207	A>G	1	0.010275825
16209	T>A	64	0.025286769
16209	T>G	6	0.014711224
16212	A>G	1	0.080329976
16213	G>C	11	0.012391157
16214	C>A	15	0.014438782
16217	T>C	4	0.011946347
16218	C>A	5	0.012887702
16221	C>T	1	0.016957606
16223	C>T	1	0.010835541
16224	T>C	24	0.017162302
16233	A>C	4	0.010924465
16235	A>C	1	0.01
16260	T>C	1	0.091357111
16261	C>T	1	0.928654069
16269	A>C	1	0.011904762
16269	A>G	1	0.010544815
16274	G>A	2	0.021584082
16278	C>T	1	0.154606742
16284	A>G	1	0.03021978
16288	T>C	1	0.123373243
16289	A>C	93	0.014460284
16289	A>G	1	0.07082026
16292	C>T	3	0.025279371
16296	C>T	1	0.021746083
16309	A>G	2	0.079794756
16311	T>C	6	0.033563745
16346	G>A	1	0.033347584
16355	T>C	1	0.01171875
16356	T>C	1	0.01264881
16357	T>C	1	0.01061008
16362	C>T	1	0.256654039
16362	T>G	1	0.011739594
16366	C>T	1	0.102189781
16366	T>C	1	0.597621174
16368	T>C	4	0.057599705
16391	G>A	2	0.019974088
16392	T>G	19	0.011592003
16399	A>G	1	0.010152284
16437	T>G	48	0.012164315
16437	T>A	2	0.010987745
16445	T>C	1	0.011098779
16465	T>C	1	0.257761171
16466	A>C	5	0.011583514
16468	T>C	1	0.010050251
16482	A>G	2	0.046545057
16488	C>T	1	0.036504037
16497	A>G	1	0.0180472
16525	A>G	1	0.070968864
16537	C>T	2	0.194875069
16540	C>T	1	0.020340587